../all/1706392.tsv