../all/531580.tsv