../all/532438.tsv